-1 -1 -1 -1  0  0  1 -1 -1 -1 -1
-1 -1 -1 -1  1  0  2 -1 -1 -1 -1
-1 -1  2  3  3 -1  4  4  5 -1 -1
-1 -1  5  1  6 -1  7  2  8 -1 -1
 6  9  7 -1  8 10  9 -1 10 11 11
12  3 13 -1 14  4 15 -1 16  5 17
12 -1 13 18 14 -1 15 19 16 -1 17
20 -1 21  6 22 -1 23  7 24 -1 26
18 26 19 -1 20 27 21 -1 22 28 23
29  8 30 -1 31  9 32 -1 33 10 34
24 -1 25 35 26 -1 27 36 28 -1 29
37 -1 38 11 39 -1 40 12 41 -1 42
30 43 31 -1 32 44 33 -1 34 45 35
46 13 47 -1 48 14 49 -1 50 15 51
36 -1 37 52 38 -1 39 53 40 -1 41
54 -1 55 16 56 -1 57 17 58 -1 59
42 60 43 -1 44 61 45 -1 46 62 47
-1 -1 63 -1 64 18 65 -1 66 -1 -1
-1 -1 48 67 49 -1 50 68 51 -1 -1
-1 -1 -1 -1 69 -1 70 -1 -1 -1 -1
-1 -1 -1 -1 52 71 53 -1 -1 -1 -1
